GATE_CRID_GW: 804,164,48,35
GATE_CRID_CC: 184,1071,48,35
CRID_S01: 606,610,48,35
CRID_S02: 34,165,48,35
CRID_S03: 764,1263,48,35
CRID_S04: 181,1615,48,35
CRID_A01: 605,568,48,35
CRID_A02: 345,586,48,35
CRID_A03: 503,18,48,35
CRID_A04: 709,1229,48,35
CRID_A05: 554,55,48,35
CRID_A06: 603,161,48,35
CRID_A07: 493,672,48,35
CRID_A08: 512,1230,48,35
CRID_A09: 266,251,48,35
CRID_A10: 750,721,48,35
CRID_A11: 308,1144,48,35
CRID_A12: 295,86,48,35
CRID_A13: 477,72,48,35
CRID_A14: 161,138,48,35
CRID_A15: 243,589,48,35
CRID_A16: 75,937,60,35
CRID_B01: 501,572,100,35
CRID_B02: 375,93,100,35
CRID_B03: 397,584,100,35
CRID_B04: 612,69,100,35
CRID_B05: 503,151,100,35
CRID_B06: 644,720,100,35
CRID_B07: 373,617,100,35
CRID_B08: 123,203,100,55
CRID_B09: 81,980,48,75
CRID_B10: 10,205,100,35
CRID_C01: 554,668,152,35
CRID_C02: 603,1264,152,35
CRID_C03: 167,629,152,35
CRID_C04: 225,136,48,115
CRID_C05: 283,130,48,115
CRID_C06: 112,823,48,115
CRID_C07: 48,256,62,115
CRID_C08: 29,1070,152,35
